((("directory" .
   [0 0 0 1 0 0 0 0 0])
  ("gNM1" .
   [1 0 0 0])
  ("gNV2" .
   [0 0 2 0])
  ("gNV1" .
   [1 0 0 0])
  ("map" .
   [1 0 0])
  ("as.matrix" .
   [1 0 0 0 0 0 0 0 0])
  ("lapply" .
   [1 0 0 0 0 0])
  ("rvest" .
   [1 0 0 0 0])
  ("str_trim" .
   [2 0 0 0 0 0 0 0])
  ("str_split" .
   [1 0 0 0 0 0 0 0 0])
  ("pgtxt" .
   [1 0 0 0 0])
  ("html_text" .
   [1 0 0 0 0 0 0 0 0])
  ("html_nodes" .
   [1 0 0 0 0 0 0 0 0 0])
  ("html" .
   [3 0 0 0])
  ("codelink" .
   [0 0 0 0 0 1 0 0])
  ("dbConnect" .
   [0 0 0 1 0 0 0 0 0])
  ("data2014" .
   [1 0 0 0 0 0 0 0])
  ("as.numeric" .
   [0 0 0 0 0 0 0 1 0 0])
  ("benchmark" .
   [1 0 0 0 0 0 0 0 0])
  ("a" .
   [1])
  ("system.time" .
   [1 0 0 0 0 0 0 0 1 0 0])
  ("read_html" .
   [2 0 0 0 0 0 0 0 0])
  ("r" .
   [1])
  ("urlink" .
   [1 0 0 0 0 0])
  ("timeNum" .
   [1 0 0 0 0 0 0])
  ("autovisit" .
   [1 0 0 0 0 0 0 0 0])
  ("registerDoParallel" .
   [0 0 0 0 0 0 0 0 0 1 0 0 0 0 0 0 0 0])
  ("write" .
   [1 0 0 0 0])
  ("stargazer" .
   [0 0 0 0 0 2 0 0 0])
  ("de" .
   [1 0])
  ("Summary" .
   [0 0 0 0 2 0 0])
  ("with" .
   [1 0 0 0])
  ("str" .
   [7 0 0])
  ("dat" .
   [2 0 0])
  ("fread" .
   [1 0 0 0 0])
  ("write.csv" .
   [2 0 0 0 0 0 0 0 0])
  ("save.dta13" .
   [0 0 0 0 0 0 1 0 0 0])
  ("save" .
   [1 0 0 0])
  ("get.varlabel" .
   [0 0 0 0 0 1 0 1 0 0 0 0])
  ("var_label" .
   [1 0 0 0 0 0 1 0 0])
  ("var" .
   [2 0 0])
  ("attr" .
   [3 0 0 0])
  ("names" .
   [7 0 0 0 0])
  ("read.dta13" .
   [1 0 0 0 0 0 0 0 0 0])
  ("data" .
   [5 0 0 0])
  ("graphics" .
   [1 0 0 0 0 0 0 0])
  ("this" .
   [1 0 0 0])
  ("foreach" .
   [2 0 0 0 0 0 0])
  ("crossprod" .
   [1 0 0 0 0 0 0 0 0])
  ("Reference" .
   [0 0 0 0 0 1 0 0 0])
  ("section" .
   [2 0 0 0 0 0 0])
  ("sp" .
   [1 0])
  ("to" .
   [1 0])
  ("as" .
   [1 0])
  ("say" .
   [1 0 0])
  ("i" .
   [2])
  ("download_jpg" .
   [0 0 0 0 1 0 0 0 0 0 0 0])
  ("dopar" .
   [1 0 0 0 0])
  ("1:351" .
   [1 0 0 0 0])
  ("Yes" .
   [0 0 1])
  ("force" .
   [0 0 0 1 0])
  ("if" .
   [3 0])
  ("length" .
   [3 0 0 0 2 0])
  ("print" .
   [6 0 0 0 0])
  ("write.table" .
   [0 0 0 0 0 0 0 1 0 0 0])
  ("pyword" .
   [1 0 0 0 0 0])
  ("len" .
   [3 0 0])
  ("next" .
   [4 0 0 0])
  ("sum" .
   [1 0 0])
  ("try" .
   [2 0 0])
  ("head" .
   [11 0 0 0])
  ("setNames" .
   [0 0 0 0 1 0 0 0])
  ("rbind_list" .
   [1 0 0 0 0 0 0 0 0 0])
  ("rbind_all" .
   [1 0 0 0 0 0 0 0 0])
  ("as.data.frame" .
   [0 0 0 0 2 2 1 1 1 0 0 0 0])
  ("wl" .
   [1 0])
  ("list_py_words" .
   [0 0 0 0 0 0 2 0 0 0 0 0 0])
  ("pg" .
   [2 0])
  ("page" .
   [1 0 0 0])
  ("list" .
   [3 0 0 0])
  ("tr3" .
   [1 0 0])
  ("urls" .
   [5 0 0 0])
  ("t" .
   [1])
  ("get_per_page_trs" .
   [0 0 0 0 0 3 0 0 0 0 0 0 0 0 0 0])
  ("url" .
   [6 0 0])
  ("u" .
   [2])
  ("ww" .
   [10 0])
  ("class" .
   [9 0 0 0 0])
  ("keep_words" .
   [0 0 0 2 0 0 0 0 0 0])
  ("words" .
   [1 0 0 0 0])
  ("return" .
   [2 0 0 0 0 0])
  ("word_tr" .
   [1 0 0 0 0 0 0])
  ("word" .
   [4 0 0 0])
  ("function" .
   [1 0 1 0 2 1 0 0])
  ("wordf" .
   [3 0 0 0 0])
  ("wordlist" .
   [1 0 0 0 0 0 0 0])
  ("linum-mode" .
   [0 0 0 0 0 0 0 1 0 0])
  ("setq" .
   [1 0 0 0])
  ("main2" .
   [1 0 0 0 0])
  ("main" .
   [2 0 0 0])
  ("sapply" .
   [1 0 3 1 0 2])
  ("getwd" .
   [1 0 0 0 0])
  ("get" .
   [5 0 0])
  ("set" .
   [2 0 0])
  ("setwd" .
   [1 0 0 0 0])
  ("mo" .
   [1 0])
  ("modes" .
   [0 0 0 0 1])
  ("define" .
   [1 0 0 0 0 0])
  ("require" .
   [0 0 0 1 0 0 0])
  ("ac-sources" .
   [0 0 0 0 0 0 1 0 0 0])
  ("add-hook" .
   [1 0 0 0 0 1 0 0])
  ("c++-mode-hook" .
   [0 0 0 0 0 0 1 0 0 0 0 0 0])
  ("my:ac-c-header-init" .
   [0 0 0 0 0 2 0 0 0 0 0 0 0 0 0 0 0 0 0])
  ("c-mode-hook" .
   [0 0 0 0 0 0 0 0 1 0 0])
  ("defun" .
   [1 0 0 0 0])
  ("include" .
   [0 0 0 1 0 0 0])
  ("add" .
   [1 0 0])
  ("auto-complete-c-headers" .
   [0 0 0 0 0 0 0 0 0 0 0 0 0 0 0 1 0 0 0 0 0 0 0])
  ("add-to-list" .
   [0 0 0 0 0 0 2 0 0 0 0])
  ("bind_rows" .
   [1 1 0 0 6 0 0 0 0])
  ("library" .
   [0 0 0 3 8 0 0])
  ("21~" .
   [1 0 0])
  ("files" .
   [1 0 0 0 0])
  ("mathcal" .
   [1 0 0 0 0 0 0])
  ("begin" .
   [3 0 0 0 0])
  ("bar" .
   [2 0 0])
  ("solu" .
   [1 0 0 0])
  ("求偏导数，可得" .
   [0 0 0 0 1 0 0])
  ("align" .
   [1 0 0 0 0])
  ("from" .
   [1 0 1 0])
  ("one" .
   [4 0 0])
  ("items" .
   [1 0 0 0 1])
  ("its" .
   [0 0 2])
  ("j" .
   [1])
  ("o" .
   [2])
  ("two" .
   [1 0 0])
  ("s" .
   [7])
  ("A" .
   [3])
  ("eq" .
   [16 1])
  ("eqref" .
   [8 0 0 0 0])
  ("split" .
   [4 0 0 0 0])
  ("d" .
   [12])
  ("=" .
   [26])
  ("dot" .
   [9 0 0])
  ("1-s" .
   [1 0 0])
  ("output" .
   [1 0 0 0 0 0])
  ("Y" .
   [1])
  ("cap" .
   [1 0 0])
  ("equal" .
   [0 0 1 0 0])
  ("Rightarrow ⇒" .
   [0 0 0 0 0 0 1 0 0 0 0 0])
  ("+" .
   [7])
  ("n+g+" .
   [6 0 0 0])
  ("*" .
   [4])
  ("comper" .
   [1 0 0 0 0 0])
  ("Rightarrow" .
   [0 0 0 0 0 0 0 0 0 1])
  ("right" .
   [1 0 0 0 0])
  ("capper3" .
   [2 0 0 0 0 0 0])
  ("approx ≈" .
   [1 0 1 0 0 0 0 0])
  ("left" .
   [2 0 0 0])
  ("k*" .
   [17 0])
  ("taylor" .
   [2 0 0 0 0 0])
  ("speed" .
   [1 0 0 0 0])
  ("around" .
   [1 0 0 0 0 0])
  ("is" .
   [2 0])
  ("the" .
   [2 0 0])
  ("change" .
   [1 0 0 0 0 0])
  ("growth" .
   [1 0 0 0 0 0])
  ("rate" .
   [1 0 0 0])
  ("of" .
   [1 0])
  ("sf" .
   [1 0])
  ("hat" .
   [1 0 0])
  ("y*" .
   [1 0])
  ("gt" .
   [1 0])
  ("capper2" .
   [1 0 0 0 0 0 0])
  ("read.csv" .
   [1 0 0 0 0 0 0 0])
  ("tail" .
   [1 0 0 0])
  ("gcd.hf" .
   [1 0 0 0 0 0])
  ("unique" .
   [1 0 0 0 0 0])
  ("guess" .
   [1 0 0 0 0])
  ("guess_encoding" .
   [0 0 0 0 0 0 0 1 0 0 0 0 0 0])
  ("iconv" .
   [1 0 0 0 0])
  ("example" .
   [1 0 0 0 0 0 0])
  ("Encoding" .
   [1 0 1 2 0 0 0 0])
  ("cppFunction" .
   [0 0 0 4 0 0 0 0 0 0 0])
  ("days" .
   [1 0 0 0])
  ("day" .
   [3 0 0])
  ("d2015" .
   [1 0 0 0 0])
  ("tpage" .
   [1 0 0 0 0])
  ("all" .
   [1 0 0])
  ("all_urls" .
   [1 0 0 0 0 0 0 0])
  ("NULL" .
   [3 0 0 0])
  ("else" .
   [1 0 0 0])
  ("data.frame" .
   [2 0 0 0 0 0 0 0 0 0])
  ("pgg" .
   [1 0 0])
  ("is.na" .
   [1 0 0 0 0])
  ("ymd" .
   [2 0 0])
  ("today" .
   [1 0 0 0 0])
  ("seq" .
   [1 0 0])
  ("d20160101" .
   [0 0 0 0 0 1 0 0 0])
  ("format" .
   [1 0 0 0 0 0])
  ("d2016" .
   [1 0 0 0 0])
  ("dbSendQuery" .
   [0 0 0 0 0 0 2 0 0 0 0])
  ("fetch" .
   [0 0 1 0 0])
  ("nc" .
   [3 0])
  ("plot" .
   [1 0 0 0])
  ("collect" .
   [1 0 0 0 0 0 0])
  ("nc_aqi" .
   [1 0 0 0 0 0])
  ("aqidat" .
   [1 0 0 0 0 0])
  ("filter" .
   [3 0 0 0 0 0])
  ("group_by" .
   [1 0 0 0 0 0 0 0])
  ("Summary.Date" .
   [1 0 0 0 0 0 0 0 0 0 0 0])
  ("mutate" .
   [1 0 0 0 0 0])
  ("summarise" .
   [1 0 0 0 0 0 0 0 0])
  ("arrange" .
   [1 0 0 0 0 0 0])
  ("avdata" .
   [2 0 0 0 0 0])
  ("dim" .
   [2 0 0])
  ("code" .
   [2 0 0 0])
  ("src" .
   [1 0 0])
  ("src_sql" .
   [1 0 0 0 0 0 0])
  ("install.packages" .
   [0 0 0 0 2 2 0 0 0 0 0 0 0 0 0 0])
  ("tabs" .
   [1 0 0 0])
  ("5:32" .
   [2 0 0 0])
  ("html_table" .
   [1 0 0 0 0 0 0 0 0 0])
  ("others" .
   [1 0 0 0 0 0])
  ("rbind.data.frame" .
   [0 0 0 0 0 0 1 0 0 0 0 0 0 0 0 0])
  ("postcode_df" .
   [0 0 0 0 2 1 0 0 0 0 0])
  ("postcode" .
   [1 0 0 0 0 0 0 0])
  ("postcode_dat$postcode" .
   [0 0 0 0 0 0 0 0 0 0 0 0 0 0 1 0 0 0 0 0 0])
  ("p" .
   [1])
  ("postcode_dat" .
   [1 0 0 0 1 0 0 0 0 0 0 0])
  ("postcode_dat$region" .
   [0 0 0 0 0 0 0 0 0 0 0 0 0 0 0 1 0 0 0])
  ("str_replace" .
   [0 0 0 0 0 0 0 1 0 0 0])
  ("dbWriteTable" .
   [0 0 0 0 1 0 0 0 0 0 0 0])
  ("text" .
   [2 0 0 0])
  ("jingji" .
   [1 0 0 0 0 0])))
